0.20818062615322475 -1.1971511094668863 1.0
1.7601419931735285 -0.7721176496805966 1.0
-0.7320684622513398 0.3940107194560193 1.0
0.4398997706054383 0.05960014595452654 -1.0
0.7789886929616623 -1.5006346594451465 1.0
0.5924219079400448 -1.3568704603531518 1.0
-0.12738377628203154 -1.001963405205787 1.0
-1.2127791786526696 0.9079993423166208 -1.0
0.45829433645312345 -0.40288895607891423 -1.0
-0.336079589480396 -0.4978562974383749 1.0
0.9402013155695619 -1.0856584580987818 1.0
-0.13378688998753024 1.1848454812005709 -1.0
0.5351815580096745 -1.4763110175228957 1.0
0.19322410934692316 1.3192400133156181 -1.0
-0.4315517023306489 -0.4832774215711429 1.0
0.5896506629729811 -1.619949341635572 1.0
1.722781691708916 0.11948313244828868 1.0
0.2522847090153018 -1.251612005448407 1.0
-1.5506645290978638 -0.46680114752200497 -1.0
-0.36357900809710003 0.06249926507174987 1.0
-0.630068513599921 1.50939651481371 -1.0
-1.5331904173831743 0.5606895316888223 -1.0
1.1537729030437511 -1.4158631599484293 1.0
1.1512087819261694 -1.330826528232642 1.0
-1.4426259792414728 1.1781727598746687 -1.0
0.10352357572658047 1.0465041249023905 -1.0
1.529907694764008 -0.31908851888538425 1.0
1.887559458226523 0.34272239126934334 1.0
-0.4971249061599999 -0.060763445555646084 1.0
1.1644161083572144 -1.0582871870901847 1.0
0.6536564699994334 0.3528122345423946 -1.0
-0.5211974702614962 -0.006167240264862725 1.0
0.424588560976842 0.6402561310904074 -1.0
0.37644861196265894 0.12218865586669095 -1.0
0.25488075600936283 -1.1348112367199932 1.0
-1.5322807736267017 0.6029893646047122 -1.0
0.5943607813652667 -0.5383999492445749 -1.0
-0.8311901436701803 1.6264371622796587 -1.0
0.11690715408547345 1.4597686116583573 -1.0
-0.6878526429234401 1.8456505953029956 -1.0
-1.090424396800361 1.0755777452521689 -1.0
-0.6356243347035767 1.8512801760913442 -1.0
1.6684128961964664 -0.23945217481874417 1.0
-0.3763723274279605 1.3665581611936566 -1.0
-0.8605581889696113 1.218255796441689 -1.0
-0.12161462239681799 1.6848662208884488 -1.0
0.7831787880521978 -1.558069610558634 1.0
0.6854259015038515 -1.0289976838054828 1.0
-1.3212962548631666 1.1000155604538158 -1.0
0.7034666335389665 -1.474413439429936 1.0
-0.2772957909318129 -0.6665847715565053 1.0
-1.925676055187781 -0.045987958373979634 -1.0
0.8441448845464591 -0.9927695019373795 1.0
-0.5059095058969826 1.4937658660026862 -1.0
1.7624885628579459 0.37929131801598504 1.0
1.5474991488932153 -0.32651295213612036 1.0
-0.99326793460972 1.1675544803181273 -1.0
-1.0556433238652678 1.2750799860446875 -1.0
-0.04398545391305088 -0.7669302789864749 1.0
0.4567182469426613 0.6065011230115167 -1.0
0.6784736581392721 -1.3058907553279797 1.0
-0.14242840520432848 1.2331141314842375 -1.0
0.35703754750070077 -0.5020248399150028 -1.0
-0.35152156813983565 -0.6228110617390865 1.0
-0.2631250241581689 -0.5303288038747126 1.0
0.3027511657337023 0.7183017185106726 -1.0
0.4510986636012678 0.5653581386696898 -1.0
1.2151169061346472 -0.8933153356758198 1.0
-0.16513923584723558 1.5002147537146295 -1.0
-0.2896205466838559 -1.006777833755181 1.0
-1.095560342764528 1.2156272608191685 -1.0
-1.788216568709798 0.3285226737835865 -1.0
0.8404029013101582 -1.7299562543344607 1.0
-0.045892673319682546 -0.9494495699621656 1.0
-1.6949703756461123 0.30253422414025327 -1.0
1.4018134035344327 0.13898087855963878 1.0
-0.7876479373802375 1.6148799775657463 -1.0
-0.7295890906193505 1.7101797979385083 -1.0
-0.4181548159241659 1.4884405806455556 -1.0
1.7465939576442333 0.20099970228144518 1.0
-0.39777169993191097 -0.14886710314074222 1.0
-0.6442043383730708 0.5877982951050326 1.0
0.2471842869063034 0.5782592692413238 -1.0
-1.5946100432450883 0.48991379997528284 -1.0
-0.7586057446308029 1.4612121031773582 -1.0
-1.2726010345739311 0.9819936508710845 -1.0
-1.4233274470169417 0.7175010552063441 -1.0
-0.6773528529285856 1.3090092193694813 -1.0
0.47456728592223457 0.19978779683004952 -1.0
0.5531216844378344 0.10197641102721425 -1.0
-0.06071132552455493 -1.0968879942747114 1.0
-0.9181095280533353 1.2579650982822248 -1.0
-0.4655863293064052 1.8312206489189042 -1.0
0.6956086943296428 -1.1436854081430763 1.0
0.22731471778115966 1.0837519161812257 -1.0
0.34001848672737917 0.30446214241424246 -1.0
-0.3833197922637747 -0.9272297032104914 1.0
-1.5961591864959612 -0.7865288120835664 -1.0
1.3395839295771315 -0.44412778802297453 1.0
-0.32709414921644553 1.648054796620429 -1.0
0.7395230130526751 -1.2059250914206343 1.0
-0.3601001181527223 1.4400607442486673 -1.0
0.326507212824817 0.6436546991732545 -1.0
-0.27293654120599603 -1.0091443404700184 1.0
1.470967276917166 -0.8398910047593414 1.0
0.6140182691432824 -1.4496152409560987 1.0
-1.9749204529597697 -0.31420911405700347 -1.0
0.4767346631347199 0.2159823797201994 -1.0
-0.30716243607884824 -0.6650869422427563 1.0
-0.8995784159800896 1.3409437443922274 -1.0
-1.6783258843231612 -0.13032867981958493 -1.0
1.226413003854339 -0.8083466485545404 1.0
-0.7255620490385435 1.7282687354002793 -1.0
1.0192240421238787 -1.3263410672377787 1.0
1.076893835898919 -0.9147546565837592 1.0
-1.4364046670526023 1.0740346610499991 -1.0
-1.693473055603352 -0.1549296333536757 -1.0
1.8181926502904608 0.2251862046538829 1.0
-0.17227029401552127 -1.2334979916167292 1.0
0.3060856089422837 -1.1810305197442579 1.0
-0.16517096766026362 1.2457967607778548 -1.0
-0.6494058053649446 -0.11812518656944715 1.0
-0.18980366695885098 -0.84997301367932 1.0
-0.4768539580989113 -0.645322542989378 1.0
-1.7454979218344233 0.171812423219014 -1.0
1.328789430984698 -1.0907852331032597 1.0
0.22118260881787885 1.077462768286715 -1.0
-1.6041178585414997 0.12307203266962564 -1.0
-0.09611341476657351 -1.0522887166881845 1.0
1.7771834791826464 -0.460677824405866 1.0
-1.6928451435712546 -0.027060518920817827 -1.0
-1.5105596323253774 0.9865152104087112 -1.0
-0.405624267721666 -0.31030782108668903 1.0
-1.22991902265537 0.6693022585120585 -1.0
1.5414891802986714 -0.5002000189080956 1.0
1.4266610457423514 -0.7342154725421702 1.0
-0.7299034080208847 0.23725900153587917 1.0
-0.398324626301838 -1.0065654375485635 1.0
-0.39056914795809994 -0.6145869669221016 1.0
0.628262850930326 -0.18660158153143977 -1.0
-1.3365971766207325 0.6738075202698105 -1.0
-1.790209908515986 -0.1438167499147655 -1.0
-0.4546640602701738 -0.8322504590619378 1.0
-1.2367982230083534 0.5703078145711471 -1.0
0.15489550720664463 -1.8491394884416126 1.0
1.445510831155989 -1.1698897469806717 1.0
-1.5911529855565598 0.5728581230145574 -1.0
-0.6714223536851578 1.4954593313538167 -1.0
0.5375507360510448 0.14325731026308505 -1.0
-0.8687043357409165 1.2678801709755159 -1.0
1.4708356461959116 -0.7011873761350225 1.0
-1.4168946168776704 0.9003270343178238 -1.0
0.44596606912230813 -1.5740012594317605 1.0
-0.531198431968235 0.3319010209571711 1.0
1.7434196887064184 -0.16119541024586267 1.0
0.9710910676893567 -1.3048590127320923 1.0
0.7816029482524693 -1.3005385579224122 1.0
-0.39531480863121954 1.7547862806221175 -1.0
-0.07971238718944328 -1.3355744593886036 1.0
-0.6637944280041473 1.170570345898689 -1.0
0.07736244309032778 -1.2596670280671842 1.0
-0.5486776406995666 0.13476280983477265 1.0
0.49278084553200174 -0.05953466100722538 -1.0
0.2208028013942227 0.7040245282008071 -1.0
0.33338590509798527 0.5152587813813332 -1.0
-1.7974515811617282 -0.3260593791785669 -1.0
1.3705940074447291 0.002091879745746048 1.0
1.280944535829171 -1.1494044940316428 1.0
-0.4451211224897496 -0.27528536487947175 1.0
-0.11172982151003975 1.1344542338718078 -1.0
-0.9907083055870364 1.3380343356989195 -1.0
0.4143747430754841 -1.0636804312875465 1.0
1.199147698026428 -1.4370140202262685 1.0
0.10487275348793917 0.8042475100262683 -1.0
-0.8843590451673897 0.8420365940345995 -1.0
0.9748023519039932 -1.400387775308389 1.0
-1.8467212630591505 0.18717900553877945 -1.0
0.2728222818534278 0.5801386128213681 -1.0
2.022301850417842 -0.08688559114526458 1.0
-1.715941202963922 -0.25722267174096186 -1.0
-0.06276786655137145 -1.094249385915192 1.0
0.6969044515046446 -0.3566562704649959 -1.0
1.3950813952439374 -0.24092646141423443 1.0
1.3307516936276096 -0.793361625359165 1.0
-1.1382278422408065 1.2167822379910116 -1.0
1.3861583913411848 -0.6870809522227682 1.0
1.242082234234296 -1.0850718189236601 1.0
-0.5300924965423759 -0.2507490558162208 1.0
-1.1521209178037997 1.1769445677246502 -1.0
0.3188695747923333 1.065282216775826 -1.0
-0.5037845136847989 1.471475721549229 -1.0
-0.6032362064211304 0.6733441376589682 1.0
0.8162816210996984 -1.188074571309422 1.0
-0.028882477504957912 -1.7292589274939587 1.0
1.1028248118926236 -1.5391206466823009 1.0
0.35927518677576725 -0.04961008169762625 -1.0
1.683677581488762 0.5227784583531958 1.0
1.5648811712572668 -0.7392630548613878 1.0
0.28911385747447343 0.6195350813797875 -1.0
0.45711816553227086 -1.378609030372527 1.0
0.4664329306454547 -0.4222513876527777 -1.0
-1.4767331917606636 0.8106482602066889 -1.0
0.43045538892722923 0.7491823171019201 -1.0
0.036040281145286124 -1.2418205997277307 1.0
-0.6606986996543164 -0.17594231630802115 1.0
0.3761366552967554 -1.3198610414756147 1.0
1.6241521813409328 0.070857180047102 1.0
-1.5375049583118232 -0.14128586199301435 -1.0
-0.3234775043727921 1.3010645158414118 -1.0
-1.5556035217211128 0.2624351428576417 -1.0
-1.4465916935923726 0.5430949806862787 -1.0
1.5062483564181113 0.16532840463504955 1.0
0.433295933389898 -0.27820767031531835 -1.0
-0.44459152765174664 1.6370772116537178 -1.0
1.314175700737726 -1.3166427520156327 1.0
-0.3007793233216036 1.9572465050386358 -1.0
0.0897704703690395 1.0916020909455129 -1.0
1.8168540158819948 -0.21226380412923346 1.0
-0.5384404495480891 0.32167805795832316 1.0
0.21615511414947172 0.7492773969349588 -1.0
-1.7010237006502937 0.9023305573385025 -1.0
1.5910886425742996 -0.45985859114772715 1.0
0.35643782630265003 -1.3178874244329983 1.0
-0.2799427444253028 0.4632482684922015 1.0
0.3714954123379045 0.3908826591328448 -1.0
1.4880878397519959 -1.0603936677730266 1.0
-1.2526997527551675 0.48603869782441245 -1.0
-0.7547617311000087 1.5860916873420434 -1.0
0.30344780376615177 -1.5341316622125005 1.0
0.10100570448857835 -1.488361739439044 1.0
0.0767675721992352 0.9181990111200302 -1.0
0.9365840720268446 -1.6623693255991348 1.0
1.7890113564187722 0.11941719191469312 1.0
1.4356965347830153 -1.396217757229797 1.0
-0.13104557339265185 -1.1216153847244543 1.0
0.42971713027078245 0.03595887408773279 -1.0
0.05385160125488765 1.1860040925715203 -1.0
-1.1065351327508988 1.343622366232469 -1.0
1.3101545048217589 -0.7505949964925152 1.0
0.6175574899175378 -1.4715750590642498 1.0
1.8395314305116228 -0.7726059284683069 1.0
0.18579340774543562 -1.7950741493851936 1.0
-0.7792795351013536 -0.21951554142983912 1.0
-0.002489694447464595 1.0972896727154995 -1.0
0.42362677415519057 -1.5310701282262522 1.0
-1.7282499379743297 -0.23755547196099674 -1.0
-0.09421995873674768 -1.2654980233159097 1.0
0.4208431658692463 -1.5100883996676073 1.0
1.231766397692172 -1.3563228388031279 1.0
0.5579882877527979 -0.37845447844966185 -1.0
-1.3381743068212477 0.9373341058001842 -1.0
-0.06057073006417272 1.2528274797656895 -1.0
-1.5935713999569008 -0.061146742922290796 -1.0
0.530139349762537 -0.5138682247869613 -1.0
-1.5408517786929095 0.039884857070231323 -1.0
-1.191685355331479 1.1814533455004375 -1.0
0.2010663639403891 0.9985861681005479 -1.0
-0.7796979172724334 1.279857565700722 -1.0
-0.07710105446286046 -0.9881862640156057 1.0
0.14729684225103087 0.6348158579513264 -1.0
-0.8115989167449845 1.011677986562012 -1.0
0.03613161563381117 0.9788076052540161 -1.0
1.102557411218234 -1.8177747280245682 1.0
0.327416767149925 -0.08000502100800709 -1.0
-0.7822146159422243 1.393521589211243 -1.0
-0.5463068953943484 0.09397249815632314 1.0
1.9532588263687598 0.40915000041537974 1.0
-1.7296840205498403 0.025502996327613606 -1.0
1.5296648312978522 0.006700202256817482 1.0
0.8187925943197071 -1.245895640975717 1.0
0.13557483820717836 1.4395399575599723 -1.0
-0.06152864398969638 1.3249576207304568 -1.0
-0.24393466384187046 -0.16725465467624837 1.0
-0.3219820763494658 -0.8717471391757349 1.0
1.6949747515354865 0.6033266651538004 1.0
-0.19803833868229592 -1.3864732066578944 1.0
-0.5216451151760984 -0.25175381094365434 1.0
-0.34666812540345626 1.4761609335417947 -1.0
-0.14069220710507424 1.018241125903452 -1.0
0.9747046917898954 -1.6324915867513705 1.0
1.2621930269478225 -1.5289038127667698 1.0
0.6981213775432097 0.28178173400943457 -1.0
-0.5361545271285812 0.10392745680516698 1.0
1.6509647632264342 -0.7451775227052572 1.0
-0.17188816296950174 -1.1601810497787681 1.0
1.1006370869133235 -0.8595487185720624 1.0
-1.7554307579222537 -0.4619487172908405 -1.0
-1.6041468667465237 0.19919437211545638 -1.0
-0.3463912031125467 0.4334121384527552 1.0
-1.3148470806813706 1.140424655369678 -1.0
-0.8129697579151455 1.5170233900596835 -1.0
0.1952098939762033 -1.2716595738129968 1.0
-1.7232100861089839 0.8252126540620592 -1.0
1.562518412755304 0.4397499615834239 1.0
0.5920185019827983 0.3280898638381434 -1.0
-0.13141660620863896 -0.8213071145040615 1.0
-0.34109912072006804 1.6857129557522206 -1.0
-1.3286498167293253 1.1827067936089557 -1.0
1.3317766156991155 -0.6691011011324851 1.0
-1.1049463640548658 1.181146926903309 -1.0
