1.7120935619078423 0.6894996998299374 0.8709276495728916 -0.07540984392780764 1.4022123179058135 -0.4170288281141495 0.9816636461569526 -1.7592081128872459 -0.7012222951263888 1.1810123520089562 0.6764192786728188 2.4726821928767904 -0.8757058119953168 1.0
1.38213977053374 -1.450326954814696 -0.18355874228666322 -0.9167593422959157 6.093004497506769 -0.4170288281141495 0.9816636461569526 0.44640926983672535 -0.7012222951263888 0.48115318044809335 0.6764192786728188 -0.7115349394446727 1.189277325460889 -1.0
0.2822937992867323 0.6894996998299374 -1.238045134146218 -0.41194964327505085 0.2198225536262337 -0.4170288281141495 -1.0262847209822685 -0.37529132372710705 -0.7012222951263888 -0.656117973338309 -0.9542343395562983 -0.7115349394446727 1.189277325460889 1.0
1.0521859791596377 0.6894996998299374 0.8709276495728916 -0.18758977704355537 0.25858943114359695 -0.4170288281141495 -1.0262847209822685 -1.9321977115322633 1.4260812968300718 -0.743600369783417 0.6764192786728188 0.3498707713291484 1.189277325460889 -1.0
2.1520319504066454 -1.450326954814696 -1.238045134146218 -0.6363095095065463 0.3748900636956868 -0.4170288281141495 0.9816636461569526 -1.2402393169521937 1.4260812968300718 -0.743600369783417 -0.9542343395562983 0.3498707713291484 -0.8757058119953168 -1.0
1.1621705762843384 0.6894996998299374 0.8709276495728916 -0.6363095095065463 -1.4083863021030236 -0.4170288281141495 -1.0262847209822685 -0.4185387233883614 -0.7012222951263888 -0.5686355768932012 -0.9542343395562983 -0.7115349394446727 1.189277325460889 -1.0
0.17230920216203158 0.6894996998299374 -0.18355874228666322 -0.07540984392780764 0.12290535983282552 2.39791576165636 0.9816636461569526 -0.3320439240658527 1.4260812968300718 -0.3936707840029855 0.6764192786728188 0.3498707713291484 0.6730315410968375 1.0
0.5022629935361339 0.6894996998299374 0.8709276495728916 -1.1972091750852851 -0.20661309906476227 -0.4170288281141495 0.9816636461569526 -0.3320439240658527 1.4260812968300718 0.13122359466766173 0.6764192786728188 0.3498707713291484 1.189277325460889 1.0
0.6122475906608347 0.6894996998299374 0.8709276495728916 0.4854898216509311 0.840092593904046 -0.4170288281141495 0.9816636461569526 0.8788832664492687 -0.7012222951263888 0.13122359466766173 0.6764192786728188 1.4112764821029693 1.189277325460889 1.0
0.942201382034937 -1.450326954814696 0.8709276495728916 1.0463894872296697 3.0498046123937526 -0.4170288281141495 0.9816636461569526 0.18692487186919932 -0.7012222951263888 2.5807306951306823 0.6764192786728188 2.4726821928767904 1.189277325460889 1.0
0.5022629935361339 0.6894996998299374 0.8709276495728916 0.20503998886156172 -0.30353029285817046 -0.4170288281141495 -1.0262847209822685 0.4896566694979797 -0.7012222951263888 -0.48115318044809335 0.6764192786728188 -0.7115349394446727 1.189277325460889 -1.0
-0.15764458921207072 0.6894996998299374 0.8709276495728916 0.5976697547666788 -0.45859780292762353 -0.4170288281141495 0.9816636461569526 -1.6727133135647372 1.4260812968300718 -0.9185651626736328 -0.9542343395562983 -0.7115349394446727 1.189277325460889 -1.0
-1.1475059633343776 0.6894996998299374 -0.18355874228666322 0.4854898216509311 -0.2841468540994888 -0.4170288281141495 0.9816636461569526 1.311357263061812 -0.7012222951263888 -0.9185651626736328 -0.9542343395562983 -0.7115349394446727 -0.8757058119953168 -1.0
0.7222321877855354 0.6894996998299374 -2.2925315260057726 0.14895002230368784 -0.30353029285817046 -0.4170288281141495 -1.0262847209822685 -0.2023017250820897 -0.7012222951263888 1.355977144899172 0.6764192786728188 1.4112764821029693 -0.8757058119953168 1.0
0.2822937992867323 -1.450326954814696 0.8709276495728916 -0.18758977704355537 1.0339269814908623 -0.4170288281141495 0.9816636461569526 0.403161870175471 -0.7012222951263888 -0.9185651626736328 -0.9542343395562983 0.3498707713291484 -0.8757058119953168 -1.0
1.822078159032543 -1.450326954814696 0.8709276495728916 -1.0850292419695373 -1.9511225873461093 -0.4170288281141495 -1.0262847209822685 -1.0672497183071765 -0.7012222951263888 0.48115318044809335 0.6764192786728188 -0.7115349394446727 -0.8757058119953168 -1.0
-0.9275367690849761 0.6894996998299374 0.8709276495728916 0.4854898216509311 1.1889944915603154 -0.4170288281141495 -1.0262847209822685 -1.283486716613448 1.4260812968300718 0.656117973338309 0.6764192786728188 1.4112764821029693 1.189277325460889 1.0
-0.15764458921207072 0.6894996998299374 0.8709276495728916 0.4854898216509311 -0.9044168943773011 2.39791576165636 0.9816636461569526 0.23017227153045366 1.4260812968300718 1.7933891271247113 2.307072896901936 -0.7115349394446727 1.189277325460889 1.0
1.0521859791596377 0.6894996998299374 -2.2925315260057726 -1.1972091750852851 -0.749349384307848 -0.4170288281141495 0.9816636461569526 -0.24554912474334403 1.4260812968300718 0.656117973338309 0.6764192786728188 -0.7115349394446727 -0.8757058119953168 -1.0
-1.5874443518331807 0.6894996998299374 -2.2925315260057726 0.4854898216509311 -0.9819506494120277 -0.4170288281141495 -1.0262847209822685 1.2248624637393035 1.4260812968300718 0.3061883875578774 -0.9542343395562983 -0.7115349394446727 1.189277325460889 -1.0
1.38213977053374 0.6894996998299374 0.8709276495728916 -0.6363095095065463 -0.40044748665157864 -0.4170288281141495 0.9816636461569526 -0.8942601196621591 1.4260812968300718 1.355977144899172 0.6764192786728188 1.4112764821029693 1.189277325460889 1.0
-0.7075675748355745 0.6894996998299374 -1.238045134146218 -0.07540984392780764 -0.09031246651267247 -0.4170288281141495 0.9816636461569526 1.311357263061812 -0.7012222951263888 -0.743600369783417 0.6764192786728188 -0.7115349394446727 -0.8757058119953168 -1.0
-1.2574905604590785 0.6894996998299374 0.8709276495728916 -0.9167593422959157 1.0339269814908623 -0.4170288281141495 -1.0262847209822685 1.3546046627230663 -0.7012222951263888 0.13122359466766173 0.6764192786728188 -0.7115349394446727 -0.8757058119953168 -1.0
-0.8175521719602753 0.6894996998299374 0.8709276495728916 -1.0850292419695373 -0.8850334556186195 -0.4170288281141495 -1.0262847209822685 -0.28879652440459835 -0.7012222951263888 -0.8310827662285248 -0.9542343395562983 -0.7115349394446727 -0.8757058119953168 -1.0
-0.04765999208736997 -1.450326954814696 -1.238045134146218 0.0367700891879401 0.7431754001106379 2.39791576165636 0.9816636461569526 0.403161870175471 1.4260812968300718 -0.9185651626736328 -0.9542343395562983 0.3498707713291484 -0.8757058119953168 -1.0
-0.7075675748355745 -1.450326954814696 -0.18355874228666322 -0.07540984392780764 0.49119069624777656 -0.4170288281141495 -1.0262847209822685 -0.46178612304961575 -0.7012222951263888 -0.743600369783417 -0.9542343395562983 -0.7115349394446727 -0.8757058119953168 -1.0
-0.9275367690849761 -1.450326954814696 0.8709276495728916 0.3733098885351833 -0.12907934403003574 -0.4170288281141495 0.9816636461569526 0.10043007254669066 1.4260812968300718 -0.9185651626736328 0.6764192786728188 -0.7115349394446727 -0.8757058119953168 -1.0
-0.3776137834614723 -1.450326954814696 -0.18355874228666322 -0.6363095095065463 0.8788594714214093 -0.4170288281141495 0.9816636461569526 0.31666707085296236 -0.7012222951263888 -0.3936707840029855 -0.9542343395562983 -0.7115349394446727 -0.8757058119953168 -1.0
0.3922783964114331 0.6894996998299374 -0.18355874228666322 -1.0850292419695373 -0.381064047892897 -0.4170288281141495 0.9816636461569526 0.662646268142997 -0.7012222951263888 1.268494748454064 0.6764192786728188 0.3498707713291484 1.189277325460889 1.0
1.822078159032543 -1.450326954814696 -0.18355874228666322 -1.1972091750852851 0.29735630866096024 2.39791576165636 0.9816636461569526 -0.8510127200009048 -0.7012222951263888 -0.9185651626736328 -0.9542343395562983 0.3498707713291484 -0.8757058119953168 -1.0
0.2822937992867323 0.6894996998299374 -0.18355874228666322 -0.18758977704355537 -0.40044748665157864 -0.4170288281141495 0.9816636461569526 0.01393527322418198 -0.7012222951263888 -0.5686355768932012 0.6764192786728188 0.3498707713291484 1.189277325460889 1.0
1.2721551734090393 0.6894996998299374 0.8709276495728916 1.6072891528084083 -0.41983092541026024 -0.4170288281141495 0.9816636461569526 -0.5050335227108701 -0.7012222951263888 1.0935299555638482 -0.9542343395562983 -0.7115349394446727 0.6730315410968375 -1.0
-1.917398143207283 -1.450326954814696 -0.18355874228666322 -0.6363095095065463 -0.6718156292731216 -0.4170288281141495 -1.0262847209822685 0.8788832664492687 -0.7012222951263888 -0.9185651626736328 -0.9542343395562983 -0.7115349394446727 -0.8757058119953168 -1.0
0.5022629935361339 0.6894996998299374 0.8709276495728916 2.168188818387147 1.47974607294054 -0.4170288281141495 0.9816636461569526 -0.4185387233883614 1.4260812968300718 2.055836316460035 2.307072896901936 -0.7115349394446727 1.189277325460889 1.0
-0.48759838058617305 0.6894996998299374 0.8709276495728916 0.7098496878824265 -0.962567210653346 -0.4170288281141495 0.9816636461569526 -1.0240023186459222 1.4260812968300718 -0.13122359466766184 0.6764192786728188 -0.7115349394446727 1.189277325460889 1.0
-0.7075675748355745 0.6894996998299374 0.8709276495728916 -0.07540984392780764 0.12290535983282552 2.39791576165636 0.9816636461569526 0.01393527322418198 1.4260812968300718 -0.9185651626736328 -0.9542343395562983 1.4112764821029693 1.189277325460889 1.0
0.7222321877855354 0.6894996998299374 0.8709276495728916 0.4854898216509311 -0.8268831393425746 -0.4170288281141495 0.9816636461569526 -0.5050335227108701 1.4260812968300718 0.7436003697834168 -0.9542343395562983 0.3498707713291484 1.189277325460889 1.0
0.5022629935361339 0.6894996998299374 -2.2925315260057726 1.6072891528084083 0.4524238187304133 -0.4170288281141495 0.9816636461569526 -1.0672497183071765 -0.7012222951263888 -0.9185651626736328 -0.9542343395562983 -0.7115349394446727 -0.8757058119953168 1.0
-1.3674751575837791 0.6894996998299374 -0.18355874228666322 -0.07540984392780764 -1.3502359858269788 -0.4170288281141495 -1.0262847209822685 0.01393527322418198 -0.7012222951263888 -0.9185651626736328 -0.9542343395562983 -0.7115349394446727 -0.8757058119953168 -1.0
-0.7075675748355745 0.6894996998299374 0.8709276495728916 -0.5241295763907986 -0.53613155796235 -0.4170288281141495 0.9816636461569526 1.570841661029338 -0.7012222951263888 -0.9185651626736328 -0.9542343395562983 -0.7115349394446727 -0.8757058119953168 -1.0
-1.5874443518331807 0.6894996998299374 0.8709276495728916 1.1585694203454175 -0.5167481192036685 -0.4170288281141495 -1.0262847209822685 1.3546046627230663 -0.7012222951263888 -0.9185651626736328 -0.9542343395562983 -0.7115349394446727 1.189277325460889 1.0
0.8322167849102362 -1.450326954814696 0.8709276495728916 -0.41194964327505085 -0.7881162618252113 -0.4170288281141495 -1.0262847209822685 0.5761514688204884 -0.7012222951263888 -0.9185651626736328 -0.9542343395562983 -0.7115349394446727 -0.8757058119953168 -1.0
-1.1475059633343776 0.6894996998299374 -0.18355874228666322 -0.07540984392780764 -0.3229137316168521 -0.4170288281141495 -1.0262847209822685 1.2681098634005576 1.4260812968300718 -0.5686355768932012 -0.9542343395562983 -0.7115349394446727 -0.8757058119953168 -1.0
-0.9275367690849761 0.6894996998299374 -1.238045134146218 -1.70201887410615 -1.0207175269293909 2.39791576165636 -1.0262847209822685 0.273419671191708 -0.7012222951263888 -0.9185651626736328 -0.9542343395562983 -0.7115349394446727 1.189277325460889 -1.0
0.5022629935361339 0.6894996998299374 -0.18355874228666322 -0.2997697101593031 -0.6136653129970766 2.39791576165636 -1.0262847209822685 -0.6780231213558874 -0.7012222951263888 1.0060475591187408 0.6764192786728188 0.3498707713291484 0.6730315410968375 1.0
0.3922783964114331 0.6894996998299374 -0.18355874228666322 0.4854898216509311 -0.749349384307848 2.39791576165636 0.9816636461569526 0.662646268142997 -0.7012222951263888 -0.9185651626736328 -0.9542343395562983 -0.7115349394446727 -0.8757058119953168 -1.0
-0.5975829777108738 0.6894996998299374 -0.18355874228666322 -0.7484894426222941 -1.9511225873461093 -0.4170288281141495 0.9816636461569526 -1.0240023186459222 -0.7012222951263888 -0.2187059911127697 -0.9542343395562983 2.4726821928767904 -0.8757058119953168 1.0
-1.1475059633343776 0.6894996998299374 0.8709276495728916 -1.1972091750852851 -1.0207175269293909 -0.4170288281141495 0.9816636461569526 1.1816150640780492 -0.7012222951263888 -0.9185651626736328 -0.9542343395562983 0.3498707713291484 -0.8757058119953168 1.0
1.2721551734090393 0.6894996998299374 -1.238045134146218 1.6072891528084083 -0.07092902775399083 -0.4170288281141495 -1.0262847209822685 -1.283486716613448 1.4260812968300718 -0.9185651626736328 0.6764192786728188 2.4726821928767904 0.6730315410968375 1.0
1.1621705762843384 -1.450326954814696 0.8709276495728916 1.0463894872296697 -0.4779812416863052 -0.4170288281141495 0.9816636461569526 -1.5429711145809741 -0.7012222951263888 -0.04374119822255398 0.6764192786728188 2.4726821928767904 1.189277325460889 1.0
-1.3674751575837791 0.6894996998299374 0.8709276495728916 0.26112995541943557 1.266528246595042 -0.4170288281141495 -1.0262847209822685 -1.0672497183071765 1.4260812968300718 0.656117973338309 0.6764192786728188 -0.7115349394446727 0.6730315410968375 1.0
-0.2676291863367715 0.6894996998299374 -1.238045134146218 -0.18758977704355537 -0.8656500168599378 2.39791576165636 -1.0262847209822685 1.4843468617068294 -0.7012222951263888 -0.9185651626736328 -0.9542343395562983 -0.7115349394446727 -0.8757058119953168 -1.0
1.1621705762843384 -1.450326954814696 -0.18355874228666322 0.4854898216509311 3.243638999980569 2.39791576165636 0.9816636461569526 0.31666707085296236 -0.7012222951263888 -0.2187059911127697 -0.9542343395562983 0.3498707713291484 -0.8757058119953168 -1.0
0.942201382034937 -1.450326954814696 -1.238045134146218 0.4854898216509311 -1.0594844044467542 -0.4170288281141495 -1.0262847209822685 1.2681098634005576 -0.7012222951263888 -0.9185651626736328 -0.9542343395562983 1.4112764821029693 -0.8757058119953168 -1.0
-1.037521366209677 -1.450326954814696 -1.238045134146218 -0.07540984392780764 -0.30353029285817046 -0.4170288281141495 0.9816636461569526 1.0951202647555405 -0.7012222951263888 -0.3936707840029855 0.6764192786728188 -0.7115349394446727 -0.8757058119953168 -1.0
-1.47745975470848 -1.450326954814696 -1.238045134146218 -1.4776590078746543 -1.0013340881707093 -0.4170288281141495 -1.0262847209822685 0.79238846712676 -0.7012222951263888 -0.9185651626736328 -0.9542343395562983 0.3498707713291484 -0.8757058119953168 -1.0
0.7222321877855354 0.6894996998299374 0.8709276495728916 0.3733098885351833 -1.6216041284485216 -0.4170288281141495 0.9816636461569526 -1.0672497183071765 1.4260812968300718 2.2308011093502507 0.6764192786728188 0.3498707713291484 -0.8757058119953168 1.0
0.6122475906608347 -1.450326954814696 -0.18355874228666322 -0.6363095095065463 -1.389002863344342 2.39791576165636 -1.0262847209822685 -2.3214243084835524 -0.7012222951263888 -0.9185651626736328 -0.9542343395562983 -0.7115349394446727 -0.8757058119953168 -1.0
0.5022629935361339 -1.450326954814696 0.8709276495728916 2.392548684618643 -0.012778711477945924 -0.4170288281141495 -1.0262847209822685 -0.28879652440459835 1.4260812968300718 -0.9185651626736328 0.6764192786728188 -0.7115349394446727 -0.8757058119953168 1.0
0.8322167849102362 0.6894996998299374 -1.238045134146218 -0.6363095095065463 0.6074913287998664 -0.4170288281141495 0.9816636461569526 -2.018692510854772 -0.7012222951263888 0.3061883875578774 0.6764192786728188 0.3498707713291484 1.189277325460889 1.0
0.2822937992867323 0.6894996998299374 -0.18355874228666322 1.0463894872296697 -2.396941678795787 2.39791576165636 -1.0262847209822685 1.0086254654330318 -0.7012222951263888 -0.743600369783417 -0.9542343395562983 0.3498707713291484 1.189277325460889 -1.0
-0.3776137834614723 -1.450326954814696 0.8709276495728916 -0.07540984392780764 1.0726938590082256 -0.4170288281141495 -1.0262847209822685 -0.3320439240658527 1.4260812968300718 0.13122359466766173 0.6764192786728188 -0.7115349394446727 1.189277325460889 1.0
-1.1475059633343776 0.6894996998299374 -0.18355874228666322 -0.6363095095065463 -0.45859780292762353 -0.4170288281141495 -1.0262847209822685 0.8356358667880144 -0.7012222951263888 -0.9185651626736328 -0.9542343395562983 -0.7115349394446727 -0.8757058119953168 -1.0
0.6122475906608347 -1.450326954814696 -2.2925315260057726 1.0463894872296697 -0.18722966030608063 -0.4170288281141495 -1.0262847209822685 0.9221306661105231 -0.7012222951263888 -0.13122359466766184 -0.9542343395562983 -0.7115349394446727 -0.8757058119953168 -1.0
0.942201382034937 0.6894996998299374 -2.2925315260057726 0.7659396544403004 -0.3229137316168521 2.39791576165636 0.9816636461569526 0.01393527322418198 -0.7012222951263888 1.0935299555638482 2.307072896901936 -0.7115349394446727 0.6730315410968375 -1.0
0.2822937992867323 0.6894996998299374 0.8709276495728916 1.0463894872296697 0.5105741350064582 -0.4170288281141495 0.9816636461569526 -1.6294659139034828 1.4260812968300718 -0.3936707840029855 0.6764192786728188 0.3498707713291484 0.6730315410968375 1.0
-0.3776137834614723 0.6894996998299374 0.8709276495728916 0.4854898216509311 0.2198225536262337 -0.4170288281141495 0.9816636461569526 1.570841661029338 1.4260812968300718 -0.9185651626736328 -0.9542343395562983 -0.7115349394446727 -0.8757058119953168 -1.0
0.3922783964114331 -1.450326954814696 -1.238045134146218 0.26112995541943557 1.3440620016297684 2.39791576165636 0.9816636461569526 0.10043007254669066 -0.7012222951263888 -0.9185651626736328 -0.9542343395562983 1.4112764821029693 -0.8757058119953168 1.0
-1.1475059633343776 -1.450326954814696 -0.18355874228666322 -0.7484894426222941 -0.14846278278871736 -0.4170288281141495 -1.0262847209822685 -0.029312126437072355 -0.7012222951263888 -0.656117973338309 0.6764192786728188 0.3498707713291484 -0.8757058119953168 -1.0
-0.8175521719602753 0.6894996998299374 -0.18355874228666322 -1.3093891082010327 -0.12907934403003574 -0.4170288281141495 -1.0262847209822685 0.10043007254669066 -0.7012222951263888 -0.9185651626736328 -0.9542343395562983 -0.7115349394446727 -0.8757058119953168 1.0
0.7222321877855354 0.6894996998299374 0.8709276495728916 -0.6363095095065463 0.20043911486755206 -0.4170288281141495 -1.0262847209822685 -0.4185387233883614 1.4260812968300718 2.2308011093502507 0.6764192786728188 0.3498707713291484 1.189277325460889 1.0
0.2822937992867323 -1.450326954814696 0.8709276495728916 -0.6363095095065463 2.0224823581836255 -0.4170288281141495 -1.0262847209822685 0.5761514688204884 1.4260812968300718 -0.3936707840029855 -0.9542343395562983 -0.7115349394446727 -0.8757058119953168 -1.0
1.7120935619078423 0.6894996998299374 -1.238045134146218 1.382929286576913 -0.09031246651267247 -0.4170288281141495 0.9816636461569526 -0.28879652440459835 -0.7012222951263888 -0.9185651626736328 -0.9542343395562983 -0.7115349394446727 -0.8757058119953168 -1.0
2.3720011446560467 -1.450326954814696 -0.18355874228666322 0.4854898216509311 -1.0207175269293909 -0.4170288281141495 -0.022310537412657934 -1.4564763152584654 -0.7012222951263888 0.04374119822255398 0.6764192786728188 -0.7115349394446727 -0.8757058119953168 -1.0
1.38213977053374 -1.450326954814696 0.8709276495728916 -1.4215690413167805 -0.5167481192036685 -0.4170288281141495 -1.0262847209822685 -0.3320439240658527 -0.7012222951263888 -0.656117973338309 -0.9542343395562983 1.4112764821029693 -0.8757058119953168 -1.0
-1.037521366209677 0.6894996998299374 0.8709276495728916 0.5976697547666788 1.1502276140429522 -0.4170288281141495 0.9816636461569526 -0.11580692575958103 1.4260812968300718 -0.9185651626736328 0.6764192786728188 2.4726821928767904 1.189277325460889 1.0
-1.037521366209677 0.6894996998299374 0.8709276495728916 -1.5337489744325283 -0.807499700583893 -0.4170288281141495 0.9816636461569526 -0.0725595260983267 1.4260812968300718 1.7059067306796034 0.6764192786728188 -0.7115349394446727 -0.8757058119953168 -1.0
-1.6974289489578815 -1.450326954814696 -0.18355874228666322 -2.094648640011267 -0.9819506494120277 -0.4170288281141495 -1.0262847209822685 1.2681098634005576 -0.7012222951263888 -0.9185651626736328 -0.9542343395562983 -0.7115349394446727 -0.8757058119953168 -1.0
-1.3674751575837791 -1.450326954814696 -0.18355874228666322 -0.6363095095065463 -0.7881162618252113 -0.4170288281141495 -1.0262847209822685 1.0086254654330318 -0.7012222951263888 -0.9185651626736328 0.6764192786728188 -0.7115349394446727 -0.8757058119953168 -1.0
0.17230920216203158 0.6894996998299374 -1.238045134146218 -0.6363095095065463 -0.26476341534080716 -0.4170288281141495 -1.0262847209822685 1.2248624637393035 -0.7012222951263888 -0.2187059911127697 -0.9542343395562983 -0.7115349394446727 -0.8757058119953168 -1.0
0.3922783964114331 0.6894996998299374 0.8709276495728916 0.8220296209981742 -0.6136653129970766 -0.4170288281141495 -1.0262847209822685 -1.9321977115322633 -0.7012222951263888 0.8310827662285247 0.6764192786728188 0.3498707713291484 1.189277325460889 1.0
-2.1373673374566846 0.6894996998299374 0.8709276495728916 -0.6363095095065463 -1.0013340881707093 -0.4170288281141495 -1.0262847209822685 -0.8510127200009048 1.4260812968300718 0.48115318044809335 0.6764192786728188 -0.7115349394446727 1.189277325460889 1.0
0.3922783964114331 0.6894996998299374 0.8709276495728916 1.0463894872296697 0.39427350245436843 -0.4170288281141495 0.9816636461569526 -1.6727133135647372 1.4260812968300718 -0.2187059911127697 -0.9542343395562983 -0.7115349394446727 1.189277325460889 1.0
-1.47745975470848 0.6894996998299374 -0.18355874228666322 -0.07540984392780764 -0.6911990680318032 -0.4170288281141495 0.9816636461569526 0.79238846712676 -0.7012222951263888 0.8310827662285247 0.6764192786728188 -0.7115349394446727 -0.8757058119953168 -1.0
0.2822937992867323 0.6894996998299374 0.8709276495728916 -1.1972091750852851 -0.9431837718946644 -0.4170288281141495 -1.0262847209822685 -1.0240023186459222 1.4260812968300718 0.3936707840029854 0.6764192786728188 -0.7115349394446727 0.6730315410968375 -1.0
-1.3674751575837791 0.6894996998299374 -2.2925315260057726 0.934209554113922 -0.1096959052713541 -0.4170288281141495 0.9816636461569526 1.2248624637393035 -0.7012222951263888 -0.2187059911127697 -0.9542343395562983 1.4112764821029693 -0.8757058119953168 -1.0
0.8322167849102362 0.6894996998299374 -1.238045134146218 -0.18758977704355537 -0.807499700583893 2.39791576165636 0.9816636461569526 -0.4185387233883614 -0.7012222951263888 -0.9185651626736328 -0.9542343395562983 -0.7115349394446727 -0.8757058119953168 -1.0
0.5022629935361339 0.6894996998299374 -2.2925315260057726 2.616908550850138 0.39427350245436843 -0.4170288281141495 0.9816636461569526 -0.2023017250820897 -0.7012222951263888 2.755695488020898 2.307072896901936 -0.7115349394446727 1.189277325460889 -1.0
-1.47745975470848 -1.450326954814696 -1.238045134146218 -0.2997697101593031 1.0920772977669073 -0.4170288281141495 -1.0262847209822685 0.5761514688204884 -0.7012222951263888 -0.9185651626736328 -0.9542343395562983 -0.7115349394446727 -0.8757058119953168 -1.0
-0.48759838058617305 0.6894996998299374 0.8709276495728916 1.0463894872296697 -0.12907934403003574 -0.4170288281141495 0.9816636461569526 -0.9375075193234135 -0.7012222951263888 1.355977144899172 0.6764192786728188 -0.7115349394446727 1.189277325460889 1.0
0.5022629935361339 0.6894996998299374 -1.238045134146218 0.4854898216509311 -0.5555149967210317 -0.4170288281141495 -1.0262847209822685 0.6193988684817427 1.4260812968300718 -0.9185651626736328 -0.9542343395562983 -0.7115349394446727 -0.8757058119953168 -1.0
0.7222321877855354 -1.450326954814696 0.8709276495728916 -0.07540984392780764 1.5572798279752664 -0.4170288281141495 0.9816636461569526 0.8356358667880144 -0.7012222951263888 -0.9185651626736328 -0.9542343395562983 -0.7115349394446727 -0.8757058119953168 1.0
-0.04765999208736997 0.6894996998299374 0.8709276495728916 -0.41194964327505085 0.3167397474196419 -0.4170288281141495 0.9816636461569526 -1.7592081128872459 1.4260812968300718 1.0060475591187408 0.6764192786728188 0.3498707713291484 1.189277325460889 1.0
-0.04765999208736997 0.6894996998299374 0.8709276495728916 -1.1972091750852851 -0.8462665781012563 -0.4170288281141495 0.9816636461569526 -1.8024555125485002 1.4260812968300718 -0.9185651626736328 0.6764192786728188 0.3498707713291484 -0.8757058119953168 1.0
-0.2676291863367715 0.6894996998299374 0.8709276495728916 -0.355859676717177 -0.7299659455491664 -0.4170288281141495 -1.0262847209822685 0.79238846712676 -0.7012222951263888 -0.04374119822255398 -0.9542343395562983 1.4112764821029693 1.189277325460889 1.0
-0.8175521719602753 0.6894996998299374 0.8709276495728916 -1.1972091750852851 0.49119069624777656 -0.4170288281141495 0.9816636461569526 -1.3699815159359567 1.4260812968300718 -0.04374119822255398 0.6764192786728188 0.3498707713291484 -0.8757058119953168 1.0
1.2721551734090393 0.6894996998299374 0.8709276495728916 -0.6363095095065463 1.0145435427321807 -0.4170288281141495 0.9816636461569526 0.05718267288543632 -0.7012222951263888 -0.5686355768932012 0.6764192786728188 -0.7115349394446727 -0.8757058119953168 -1.0
0.3922783964114331 0.6894996998299374 0.8709276495728916 -1.7581088406640237 -0.30353029285817046 -0.4170288281141495 -1.0262847209822685 0.273419671191708 -0.7012222951263888 -0.8310827662285248 -0.9542343395562983 0.3498707713291484 1.189277325460889 1.0
1.0521859791596377 -1.450326954814696 -0.18355874228666322 0.4854898216509311 1.2277613690776787 -0.4170288281141495 -1.0262847209822685 -0.7212705210171417 -0.7012222951263888 -0.743600369783417 -0.9542343395562983 -0.7115349394446727 1.189277325460889 -1.0
-0.48759838058617305 -1.450326954814696 -1.238045134146218 -0.6363095095065463 -0.1096959052713541 -0.4170288281141495 -1.0262847209822685 0.532904069159234 -0.7012222951263888 0.04374119822255398 -0.9542343395562983 -0.7115349394446727 -0.8757058119953168 -1.0
-1.1475059633343776 -1.450326954814696 -0.18355874228666322 -1.3093891082010327 -2.1061900974155625 -0.4170288281141495 -1.0262847209822685 1.0951202647555405 -0.7012222951263888 -0.3936707840029855 0.6764192786728188 -0.7115349394446727 -0.8757058119953168 -1.0
1.38213977053374 0.6894996998299374 0.8709276495728916 -0.6363095095065463 -0.24537997658212554 -0.4170288281141495 -1.0262847209822685 -3.4026093000149107 -0.7012222951263888 -0.04374119822255398 0.6764192786728188 -0.7115349394446727 -0.8757058119953168 1.0
-0.5975829777108738 -1.450326954814696 0.8709276495728916 -0.07540984392780764 0.3748900636956868 -0.4170288281141495 -1.0262847209822685 0.5761514688204884 -0.7012222951263888 -0.9185651626736328 -0.9542343395562983 -0.7115349394446727 -0.8757058119953168 -1.0
0.2822937992867323 0.6894996998299374 0.8709276495728916 1.8877389855977778 0.7625588388693195 2.39791576165636 0.9816636461569526 -1.1104971179684309 -0.7012222951263888 -0.04374119822255398 0.6764192786728188 2.4726821928767904 1.189277325460889 1.0
0.942201382034937 0.6894996998299374 0.8709276495728916 -0.07540984392780764 0.08413848231546225 -0.4170288281141495 0.9816636461569526 -0.11580692575958103 -0.7012222951263888 0.3061883875578774 0.6764192786728188 0.3498707713291484 1.189277325460889 1.0
-0.7075675748355745 0.6894996998299374 0.8709276495728916 -0.41194964327505085 0.47180725748909497 -0.4170288281141495 0.9816636461569526 0.7058936678042513 -0.7012222951263888 -0.48115318044809335 0.6764192786728188 -0.7115349394446727 1.189277325460889 1.0
-0.3776137834614723 0.6894996998299374 -0.18355874228666322 -1.7581088406640237 -0.53613155796235 -0.4170288281141495 -1.0262847209822685 -0.28879652440459835 1.4260812968300718 0.13122359466766173 0.6764192786728188 -0.7115349394446727 -0.8757058119953168 -1.0
0.6122475906608347 -1.450326954814696 0.8709276495728916 1.0463894872296697 0.1616722373501888 -0.4170288281141495 0.9816636461569526 0.31666707085296236 -0.7012222951263888 1.355977144899172 0.6764192786728188 1.4112764821029693 1.189277325460889 1.0
0.5022629935361339 0.6894996998299374 0.8709276495728916 0.4854898216509311 -1.4083863021030236 -0.4170288281141495 -1.0262847209822685 0.532904069159234 1.4260812968300718 -0.9185651626736328 -0.9542343395562983 0.3498707713291484 1.189277325460889 1.0
-1.037521366209677 -1.450326954814696 -1.238045134146218 -1.0850292419695373 -1.7379047610006115 -0.4170288281141495 -1.0262847209822685 -0.5050335227108701 -0.7012222951263888 -0.9185651626736328 0.6764192786728188 -0.7115349394446727 -0.8757058119953168 -1.0
0.0623246050373308 -1.450326954814696 0.8709276495728916 2.729088483965886 1.4991295116992216 -0.4170288281141495 -0.022310537412657934 -1.413228915597211 1.4260812968300718 2.055836316460035 0.6764192786728188 -0.7115349394446727 -0.8757058119953168 1.0
-1.47745975470848 0.6894996998299374 -1.238045134146218 -1.1972091750852851 -0.2841468540994888 -0.4170288281141495 -1.0262847209822685 0.143677472207945 -0.7012222951263888 -0.9185651626736328 -0.9542343395562983 -0.7115349394446727 -0.8757058119953168 -1.0
0.6122475906608347 -1.450326954814696 0.8709276495728916 1.4951092196926608 1.0726938590082256 -0.4170288281141495 0.9816636461569526 0.4896566694979797 -0.7012222951263888 -0.9185651626736328 -0.9542343395562983 -0.7115349394446727 -0.8757058119953168 1.0
-0.04765999208736997 -1.450326954814696 -0.18355874228666322 0.20503998886156172 1.053310420249544 2.39791576165636 -1.0262847209822685 0.8788832664492687 -0.7012222951263888 -0.9185651626736328 -0.9542343395562983 -0.7115349394446727 -0.8757058119953168 -1.0
-1.3674751575837791 0.6894996998299374 -1.238045134146218 -0.6363095095065463 0.8788594714214093 -0.4170288281141495 -1.0262847209822685 0.532904069159234 -0.7012222951263888 -0.9185651626736328 -0.9542343395562983 -0.7115349394446727 -0.8757058119953168 -1.0
-0.5975829777108738 -1.450326954814696 -1.238045134146218 0.14895002230368784 0.41365694121305 -0.4170288281141495 -1.0262847209822685 0.532904069159234 -0.7012222951263888 -0.9185651626736328 0.6764192786728188 -0.7115349394446727 -0.8757058119953168 -1.0
-0.9275367690849761 0.6894996998299374 0.8709276495728916 -0.6363095095065463 -0.012778711477945924 -0.4170288281141495 0.9816636461569526 -0.24554912474334403 -0.7012222951263888 -0.2187059911127697 -0.9542343395562983 -0.7115349394446727 1.189277325460889 1.0
0.17230920216203158 -1.450326954814696 0.8709276495728916 3.850887815123363 0.7431754001106379 2.39791576165636 0.9816636461569526 -0.7212705210171417 1.4260812968300718 2.5807306951306823 2.307072896901936 1.4112764821029693 1.189277325460889 1.0
1.2721551734090393 -1.450326954814696 -2.2925315260057726 1.0463894872296697 -0.45859780292762353 -0.4170288281141495 -1.0262847209822685 -1.5429711145809741 -0.7012222951263888 1.355977144899172 2.307072896901936 -0.7115349394446727 -0.8757058119953168 -1.0
0.17230920216203158 0.6894996998299374 0.8709276495728916 -0.07540984392780764 0.6462582063172296 2.39791576165636 0.9816636461569526 -2.018692510854772 1.4260812968300718 0.48115318044809335 2.307072896901936 -0.7115349394446727 1.189277325460889 1.0
-0.5975829777108738 0.6894996998299374 -0.18355874228666322 -0.6363095095065463 -1.1951684757575256 -0.4170288281141495 -1.0262847209822685 -0.46178612304961575 -0.7012222951263888 0.8310827662285247 0.6764192786728188 2.4726821928767904 1.189277325460889 1.0
-0.04765999208736997 0.6894996998299374 0.8709276495728916 -0.5241295763907986 0.7044085225932746 -0.4170288281141495 0.9816636461569526 -1.4564763152584654 1.4260812968300718 1.8808715235698197 0.6764192786728188 1.4112764821029693 -0.8757058119953168 1.0
0.2822937992867323 0.6894996998299374 0.8709276495728916 1.1585694203454175 0.47180725748909497 -0.4170288281141495 -1.0262847209822685 -2.6674035057735868 1.4260812968300718 0.13122359466766173 0.6764192786728188 0.3498707713291484 1.189277325460889 1.0
1.1621705762843384 -1.450326954814696 -0.18355874228666322 1.6072891528084083 2.1387829907357157 -0.4170288281141495 0.9816636461569526 0.05718267288543632 -0.7012222951263888 -0.2187059911127697 -0.9542343395562983 -0.7115349394446727 -0.8757058119953168 -1.0
-0.04765999208736997 0.6894996998299374 -0.18355874228666322 -0.355859676717177 0.4524238187304133 -0.4170288281141495 0.9816636461569526 0.10043007254669066 -0.7012222951263888 -0.48115318044809335 2.307072896901936 0.3498707713291484 -0.8757058119953168 -1.0
-0.04765999208736997 -1.450326954814696 -0.18355874228666322 1.6072891528084083 -0.9431837718946644 -0.4170288281141495 -1.0262847209822685 0.5761514688204884 -0.7012222951263888 -0.9185651626736328 -0.9542343395562983 0.3498707713291484 -0.8757058119953168 -1.0
0.8322167849102362 0.6894996998299374 0.8709276495728916 -0.6363095095065463 0.3361231861783235 -0.4170288281141495 -1.0262847209822685 -2.1916821094997894 1.4260812968300718 0.656117973338309 0.6764192786728188 1.4112764821029693 1.189277325460889 1.0
-0.2676291863367715 -1.450326954814696 -0.18355874228666322 0.26112995541943557 -1.0401009656880726 -0.4170288281141495 0.9816636461569526 0.8356358667880144 -0.7012222951263888 -0.8310827662285248 0.6764192786728188 -0.7115349394446727 -0.8757058119953168 -1.0
-0.2676291863367715 0.6894996998299374 -1.238045134146218 0.14895002230368784 -0.9431837718946644 -0.4170288281141495 -1.0262847209822685 0.35991447051421666 -0.7012222951263888 -0.2187059911127697 -0.9542343395562983 0.3498707713291484 -0.8757058119953168 -1.0
0.6122475906608347 0.6894996998299374 0.8709276495728916 -0.8045794091801679 -0.381064047892897 2.39791576165636 -1.0262847209822685 0.44640926983672535 1.4260812968300718 0.3061883875578774 -0.9542343395562983 1.4112764821029693 1.189277325460889 1.0
0.942201382034937 -1.450326954814696 0.8709276495728916 -1.3093891082010327 0.3748900636956868 -0.4170288281141495 -1.0262847209822685 0.8356358667880144 1.4260812968300718 0.656117973338309 0.6764192786728188 1.4112764821029693 -0.8757058119953168 1.0
1.2721551734090393 0.6894996998299374 0.8709276495728916 -1.0850292419695373 -0.7299659455491664 -0.4170288281141495 0.9816636461569526 -0.7645179206783961 1.4260812968300718 -0.8310827662285248 -0.9542343395562983 0.3498707713291484 -0.8757058119953168 1.0
-1.3674751575837791 0.6894996998299374 0.8709276495728916 0.4854898216509311 -0.45859780292762353 -0.4170288281141495 -1.0262847209822685 1.2248624637393035 -0.7012222951263888 -0.9185651626736328 -0.9542343395562983 -0.7115349394446727 -0.8757058119953168 -1.0
1.0521859791596377 0.6894996998299374 0.8709276495728916 -0.6363095095065463 -0.07092902775399083 -0.4170288281141495 0.9816636461569526 -2.3214243084835524 1.4260812968300718 1.0060475591187408 2.307072896901936 0.3498707713291484 -0.8757058119953168 1.0
-0.04765999208736997 0.6894996998299374 -0.18355874228666322 1.0463894872296697 -0.3422971703755337 -0.4170288281141495 0.9816636461569526 0.662646268142997 -0.7012222951263888 0.48115318044809335 -0.9542343395562983 -0.7115349394446727 1.189277325460889 -1.0
-0.9275367690849761 -1.450326954814696 -0.18355874228666322 0.5976697547666788 -1.4083863021030236 -0.4170288281141495 0.9816636461569526 0.44640926983672535 1.4260812968300718 0.3061883875578774 2.307072896901936 -0.7115349394446727 -0.8757058119953168 -1.0
1.38213977053374 -1.450326954814696 -0.18355874228666322 1.1585694203454175 0.5299575737651399 -0.4170288281141495 -1.0262847209822685 0.9653780657717774 -0.7012222951263888 -0.9185651626736328 -0.9542343395562983 0.3498707713291484 -0.8757058119953168 -1.0
0.17230920216203158 0.6894996998299374 0.8709276495728916 -0.355859676717177 -0.012778711477945924 2.39791576165636 0.9816636461569526 -0.24554912474334403 1.4260812968300718 0.13122359466766173 0.6764192786728188 0.3498707713291484 -0.8757058119953168 1.0
-2.2473519345813853 -1.450326954814696 -1.238045134146218 -0.7484894426222941 -0.7687328230665297 -0.4170288281141495 -1.0262847209822685 1.8303260589968642 -0.7012222951263888 -0.30618838755787764 -0.9542343395562983 -0.7115349394446727 -0.8757058119953168 -1.0
0.2822937992867323 0.6894996998299374 0.8709276495728916 0.0367700891879401 -0.8268831393425746 -0.4170288281141495 -1.0262847209822685 0.79238846712676 1.4260812968300718 -0.9185651626736328 -0.9542343395562983 -0.7115349394446727 1.189277325460889 -1.0
1.0521859791596377 0.6894996998299374 0.8709276495728916 0.7659396544403004 -0.7299659455491664 -0.4170288281141495 0.9816636461569526 -0.7645179206783961 -0.7012222951263888 0.8310827662285247 0.6764192786728188 1.4112764821029693 0.6730315410968375 1.0
0.5022629935361339 0.6894996998299374 0.8709276495728916 0.3733098885351833 0.41365694121305 -0.4170288281141495 0.9816636461569526 1.3978520623843207 -0.7012222951263888 -0.9185651626736328 -0.9542343395562983 -0.7115349394446727 -0.8757058119953168 -1.0
-0.48759838058617305 0.6894996998299374 -0.18355874228666322 0.4854898216509311 -0.3229137316168521 -0.4170288281141495 -1.0262847209822685 0.5761514688204884 -0.7012222951263888 -0.3936707840029855 0.6764192786728188 0.3498707713291484 1.189277325460889 1.0
-0.3776137834614723 0.6894996998299374 -2.2925315260057726 -0.355859676717177 -0.7105825067904847 -0.4170288281141495 0.9816636461569526 -1.0672497183071765 1.4260812968300718 0.3061883875578774 -0.9542343395562983 0.3498707713291484 -0.8757058119953168 -1.0
-0.04765999208736997 0.6894996998299374 -1.238045134146218 3.4021680826603724 0.6462582063172296 -0.4170288281141495 0.9816636461569526 1.9600682579806272 -0.7012222951263888 -0.9185651626736328 -0.9542343395562983 0.3498707713291484 1.189277325460889 1.0
-0.15764458921207072 0.6894996998299374 0.8709276495728916 -0.4680396098329247 0.626874767558548 -0.4170288281141495 -1.0262847209822685 -2.3646717081448068 1.4260812968300718 0.8310827662285247 0.6764192786728188 1.4112764821029693 1.189277325460889 1.0
-0.2676291863367715 0.6894996998299374 0.8709276495728916 -1.0850292419695373 -0.381064047892897 -0.4170288281141495 -1.0262847209822685 0.44640926983672535 -0.7012222951263888 -0.9185651626736328 -0.9542343395562983 0.3498707713291484 -0.8757058119953168 1.0
-1.5874443518331807 0.6894996998299374 0.8709276495728916 -1.1972091750852851 -1.6022206896898399 -0.4170288281141495 0.9816636461569526 -1.5429711145809741 1.4260812968300718 0.8310827662285247 0.6764192786728188 -0.7115349394446727 1.189277325460889 1.0
0.3922783964114331 0.6894996998299374 -0.18355874228666322 0.0367700891879401 -0.4973646804449868 -0.4170288281141495 0.9816636461569526 1.0086254654330318 -0.7012222951263888 1.8808715235698197 -0.9542343395562983 1.4112764821029693 1.189277325460889 1.0
-1.47745975470848 -1.450326954814696 -0.18355874228666322 -1.0850292419695373 0.35550662493700513 -0.4170288281141495 0.9816636461569526 0.9653780657717774 1.4260812968300718 -0.9185651626736328 -0.9542343395562983 -0.7115349394446727 -0.8757058119953168 -1.0
-1.47745975470848 0.6894996998299374 -0.18355874228666322 -1.0850292419695373 0.006604727280735711 -0.4170288281141495 -1.0262847209822685 1.2681098634005576 -0.7012222951263888 -0.9185651626736328 -0.9542343395562983 -0.7115349394446727 -0.8757058119953168 -1.0
-0.48759838058617305 -1.450326954814696 -0.18355874228666322 -0.6363095095065463 -0.594281874238395 -0.4170288281141495 -1.0262847209822685 0.35991447051421666 -0.7012222951263888 0.48115318044809335 0.6764192786728188 -0.7115349394446727 -0.8757058119953168 -1.0
-0.04765999208736997 -1.450326954814696 -0.18355874228666322 -1.3093891082010327 0.3361231861783235 -0.4170288281141495 0.9816636461569526 0.7491410674655057 -0.7012222951263888 -0.9185651626736328 -0.9542343395562983 -0.7115349394446727 -0.8757058119953168 -1.0
1.0521859791596377 -1.450326954814696 0.8709276495728916 -0.07540984392780764 1.0339269814908623 -0.4170288281141495 -1.0262847209822685 -1.1969919172909393 -0.7012222951263888 0.8310827662285247 0.6764192786728188 1.4112764821029693 -0.8757058119953168 -1.0
-0.3776137834614723 -1.450326954814696 -0.18355874228666322 -0.07540984392780764 0.12290535983282552 -0.4170288281141495 0.9816636461569526 -0.029312126437072355 -0.7012222951263888 -0.48115318044809335 -0.9542343395562983 -0.7115349394446727 -0.8757058119953168 -1.0
-0.9275367690849761 -1.450326954814696 -1.238045134146218 -1.4776590078746543 -0.8850334556186195 -0.4170288281141495 -1.0262847209822685 0.9653780657717774 -0.7012222951263888 -0.9185651626736328 -0.9542343395562983 -0.7115349394446727 -0.8757058119953168 -1.0
0.0623246050373308 0.6894996998299374 0.8709276495728916 0.4854898216509311 -0.6330487517557583 -0.4170288281141495 -1.0262847209822685 -1.6727133135647372 1.4260812968300718 3.980449038252408 2.307072896901936 -0.7115349394446727 1.189277325460889 1.0
-1.037521366209677 0.6894996998299374 -1.238045134146218 -0.18758977704355537 1.1308441752842706 -0.4170288281141495 0.9816636461569526 0.8788832664492687 -0.7012222951263888 -0.9185651626736328 -0.9542343395562983 -0.7115349394446727 -0.8757058119953168 -1.0
0.17230920216203158 0.6894996998299374 -2.2925315260057726 -0.6363095095065463 -1.0982512819641175 -0.4170288281141495 0.9816636461569526 0.532904069159234 -0.7012222951263888 0.7436003697834168 0.6764192786728188 -0.7115349394446727 1.189277325460889 -1.0
1.2721551734090393 -1.450326954814696 0.8709276495728916 2.616908550850138 -0.41983092541026024 2.39791576165636 -1.0262847209822685 0.662646268142997 1.4260812968300718 -0.04374119822255398 0.6764192786728188 1.4112764821029693 1.189277325460889 1.0
-1.8074135460825822 0.6894996998299374 -2.2925315260057726 -0.6363095095065463 -0.36168060913421535 -0.4170288281141495 -1.0262847209822685 1.3978520623843207 1.4260812968300718 2.4057659022404665 0.6764192786728188 -0.7115349394446727 1.189277325460889 1.0
0.8322167849102362 -1.450326954814696 0.8709276495728916 1.0463894872296697 -0.1096959052713541 -0.4170288281141495 -1.0262847209822685 0.18692487186919932 1.4260812968300718 0.3061883875578774 0.6764192786728188 -0.7115349394446727 -0.8757058119953168 1.0
0.0623246050373308 0.6894996998299374 -1.238045134146218 -0.07540984392780764 0.23920599238491533 -0.4170288281141495 -1.0262847209822685 0.23017227153045366 -0.7012222951263888 -0.9185651626736328 -0.9542343395562983 -0.7115349394446727 -0.8757058119953168 -1.0
0.3922783964114331 0.6894996998299374 0.8709276495728916 -0.18758977704355537 0.18105567610887044 -0.4170288281141495 0.9816636461569526 -0.8510127200009048 1.4260812968300718 1.7059067306796034 0.6764192786728188 1.4112764821029693 1.189277325460889 1.0
-1.2574905604590785 0.6894996998299374 0.8709276495728916 -1.1972091750852851 -0.749349384307848 -0.4170288281141495 -1.0262847209822685 0.4896566694979797 -0.7012222951263888 -0.9185651626736328 -0.9542343395562983 -0.7115349394446727 1.189277325460889 -1.0
1.0521859791596377 -1.450326954814696 0.8709276495728916 2.729088483965886 1.4603626341818583 -0.4170288281141495 -1.0262847209822685 0.18692487186919932 1.4260812968300718 -0.9185651626736328 -0.9542343395562983 -0.7115349394446727 -0.8757058119953168 -1.0
-0.48759838058617305 -1.450326954814696 0.8709276495728916 -1.1972091750852851 0.08413848231546225 -0.4170288281141495 0.9816636461569526 0.403161870175471 -0.7012222951263888 -0.9185651626736328 -0.9542343395562983 -0.7115349394446727 -0.8757058119953168 -1.0
-0.15764458921207072 0.6894996998299374 -0.18355874228666322 -0.07540984392780764 -1.0207175269293909 2.39791576165636 0.9816636461569526 0.10043007254669066 -0.7012222951263888 0.13122359466766173 2.307072896901936 -0.7115349394446727 -0.8757058119953168 -1.0
-1.037521366209677 -1.450326954814696 0.8709276495728916 0.3733098885351833 -0.26476341534080716 -0.4170288281141495 0.9816636461569526 0.10043007254669066 1.4260812968300718 -0.743600369783417 0.6764192786728188 -0.7115349394446727 -0.8757058119953168 -1.0
1.1621705762843384 0.6894996998299374 -2.2925315260057726 0.3733098885351833 0.626874767558548 2.39791576165636 0.9816636461569526 1.0518728650942861 -0.7012222951263888 0.3061883875578774 0.6764192786728188 0.3498707713291484 -0.8757058119953168 1.0
1.6021089647831415 0.6894996998299374 -2.2925315260057726 1.6072891528084083 -0.30353029285817046 2.39791576165636 0.9816636461569526 -0.8077653203396504 -0.7012222951263888 -0.8310827662285248 0.6764192786728188 0.3498707713291484 -0.8757058119953168 -1.0
1.6021089647831415 0.6894996998299374 -0.18355874228666322 0.4854898216509311 0.08413848231546225 -0.4170288281141495 0.9816636461569526 -0.15905432542083536 -0.7012222951263888 0.8310827662285247 0.6764192786728188 2.4726821928767904 1.189277325460889 1.0
1.38213977053374 0.6894996998299374 0.8709276495728916 -1.7581088406640237 0.9563932264561358 -0.4170288281141495 0.9816636461569526 -1.0672497183071765 1.4260812968300718 -0.13122359466766184 0.6764192786728188 1.4112764821029693 -0.8757058119953168 1.0
1.4921243676584408 -1.450326954814696 -0.18355874228666322 -0.6363095095065463 -0.749349384307848 -0.4170288281141495 0.9816636461569526 -1.4997237149197198 -0.7012222951263888 0.3936707840029854 0.6764192786728188 -0.7115349394446727 -0.8757058119953168 -1.0
-2.2473519345813853 0.6894996998299374 -2.2925315260057726 -0.7484894426222941 -1.3114691083096155 -0.4170288281141495 0.9816636461569526 1.0518728650942861 -0.7012222951263888 -0.9185651626736328 -0.9542343395562983 -0.7115349394446727 -0.8757058119953168 -1.0
0.8322167849102362 -1.450326954814696 0.8709276495728916 0.3733098885351833 0.8594760326627277 2.39791576165636 -1.0262847209822685 -1.888950311871009 -0.7012222951263888 0.7436003697834168 0.6764192786728188 2.4726821928767904 -0.8757058119953168 1.0
-0.3776137834614723 0.6894996998299374 0.8709276495728916 0.4854898216509311 0.9370097876974541 -0.4170288281141495 -1.0262847209822685 -1.1969919172909393 1.4260812968300718 2.755695488020898 0.6764192786728188 2.4726821928767904 1.189277325460889 1.0
-0.9275367690849761 0.6894996998299374 -0.18355874228666322 1.0463894872296697 -0.36168060913421535 -0.4170288281141495 -1.0262847209822685 -0.11580692575958103 -0.7012222951263888 2.2308011093502507 0.6764192786728188 -0.7115349394446727 -0.8757058119953168 1.0
1.38213977053374 0.6894996998299374 0.8709276495728916 -0.355859676717177 0.08413848231546225 2.39791576165636 -1.0262847209822685 0.5761514688204884 -0.7012222951263888 -0.743600369783417 0.6764192786728188 1.4112764821029693 1.189277325460889 1.0
-0.48759838058617305 0.6894996998299374 -0.18355874228666322 -0.13149981048568152 -1.0401009656880726 -0.4170288281141495 -1.0262847209822685 0.5761514688204884 -0.7012222951263888 -0.9185651626736328 -0.9542343395562983 -0.7115349394446727 -0.8757058119953168 -1.0
-1.3674751575837791 0.6894996998299374 -0.18355874228666322 -0.6363095095065463 -0.18722966030608063 2.39791576165636 -1.0262847209822685 1.9168208583193729 -0.7012222951263888 -0.2187059911127697 2.307072896901936 -0.7115349394446727 1.189277325460889 -1.0
0.17230920216203158 -1.450326954814696 0.8709276495728916 0.14895002230368784 3.0885714899111156 -0.4170288281141495 0.9816636461569526 0.01393527322418198 1.4260812968300718 0.7436003697834168 0.6764192786728188 1.4112764821029693 1.189277325460889 1.0
-1.47745975470848 0.6894996998299374 0.8709276495728916 -1.1972091750852851 -1.5053034958964318 -0.4170288281141495 0.9816636461569526 0.35991447051421666 -0.7012222951263888 -0.9185651626736328 -0.9542343395562983 -0.7115349394446727 1.189277325460889 1.0
-1.3674751575837791 -1.450326954814696 0.8709276495728916 -1.645928907548276 0.29735630866096024 -0.4170288281141495 0.9816636461569526 -1.1969919172909393 -0.7012222951263888 -0.3936707840029855 0.6764192786728188 -0.7115349394446727 -0.8757058119953168 -1.0
-0.15764458921207072 0.6894996998299374 -0.18355874228666322 -0.07540984392780764 -0.07092902775399083 2.39791576165636 0.9816636461569526 1.0086254654330318 -0.7012222951263888 -0.9185651626736328 -0.9542343395562983 2.4726821928767904 -0.8757058119953168 -1.0
-1.2574905604590785 0.6894996998299374 -0.18355874228666322 -0.07540984392780764 1.266528246595042 -0.4170288281141495 -1.0262847209822685 0.532904069159234 -0.7012222951263888 0.7436003697834168 -0.9542343395562983 0.3498707713291484 -0.8757058119953168 -1.0
0.17230920216203158 0.6894996998299374 0.8709276495728916 0.0367700891879401 -1.2727022307922522 -0.4170288281141495 0.9816636461569526 -1.9321977115322633 1.4260812968300718 0.9185651626736328 0.6764192786728188 0.3498707713291484 0.6730315410968375 1.0
-0.2676291863367715 0.6894996998299374 0.8709276495728916 -1.3093891082010327 -0.3229137316168521 2.39791576165636 -1.0262847209822685 -0.11580692575958103 -0.7012222951263888 -0.8310827662285248 -0.9542343395562983 2.4726821928767904 1.189277325460889 -1.0
0.8322167849102362 -1.450326954814696 0.8709276495728916 0.4854898216509311 2.797819908530891 -0.4170288281141495 0.9816636461569526 0.31666707085296236 -0.7012222951263888 0.13122359466766173 0.6764192786728188 -0.7115349394446727 -0.8757058119953168 -1.0
1.7120935619078423 0.6894996998299374 -0.18355874228666322 1.6072891528084083 0.3748900636956868 -0.4170288281141495 -1.0262847209822685 -1.6294659139034828 1.4260812968300718 1.6184243342344955 0.6764192786728188 0.3498707713291484 1.189277325460889 1.0
-0.04765999208736997 0.6894996998299374 0.8709276495728916 0.4854898216509311 -0.20661309906476227 -0.4170288281141495 -1.0262847209822685 0.44640926983672535 -0.7012222951263888 0.13122359466766173 -0.9542343395562983 -0.7115349394446727 -0.8757058119953168 -1.0
1.7120935619078423 0.6894996998299374 0.8709276495728916 0.7659396544403004 -1.4665366183790685 -0.4170288281141495 -1.0262847209822685 -1.0672497183071765 1.4260812968300718 1.355977144899172 2.307072896901936 -0.7115349394446727 1.189277325460889 1.0
-0.04765999208736997 0.6894996998299374 -1.238045134146218 -1.3093891082010327 1.1502276140429522 -0.4170288281141495 -1.0262847209822685 0.273419671191708 -0.7012222951263888 -0.9185651626736328 -0.9542343395562983 -0.7115349394446727 1.189277325460889 -1.0
-2.1373673374566846 0.6894996998299374 0.8709276495728916 -0.2997697101593031 0.626874767558548 -0.4170288281141495 0.9816636461569526 0.273419671191708 1.4260812968300718 -0.9185651626736328 -0.9542343395562983 -0.7115349394446727 1.189277325460889 1.0
-0.7075675748355745 0.6894996998299374 -0.18355874228666322 -0.41194964327505085 0.10352192107414389 2.39791576165636 -1.0262847209822685 1.0951202647555405 -0.7012222951263888 -0.9185651626736328 -0.9542343395562983 1.4112764821029693 -0.8757058119953168 -1.0
0.0623246050373308 -1.450326954814696 -1.238045134146218 0.20503998886156172 0.006604727280735711 -0.4170288281141495 0.9816636461569526 0.4896566694979797 -0.7012222951263888 0.3061883875578774 0.6764192786728188 -0.7115349394446727 -0.8757058119953168 -1.0
0.3922783964114331 -1.450326954814696 0.8709276495728916 -1.7581088406640237 -0.03216215023662756 -0.4170288281141495 0.9816636461569526 -1.1969919172909393 -0.7012222951263888 -0.04374119822255398 0.6764192786728188 -0.7115349394446727 -0.8757058119953168 -1.0
-0.04765999208736997 -1.450326954814696 -0.18355874228666322 -1.1972091750852851 -0.6911990680318032 -0.4170288281141495 -1.0262847209822685 0.35991447051421666 -0.7012222951263888 0.48115318044809335 0.6764192786728188 -0.7115349394446727 -0.8757058119953168 -1.0
1.6021089647831415 -1.450326954814696 -2.2925315260057726 0.4854898216509311 -0.20661309906476227 -0.4170288281141495 -1.0262847209822685 0.05718267288543632 -0.7012222951263888 0.656117973338309 -0.9542343395562983 1.4112764821029693 -0.8757058119953168 -1.0
2.481985741780748 0.6894996998299374 0.8709276495728916 -0.355859676717177 1.053310420249544 -0.4170288281141495 0.9816636461569526 0.532904069159234 1.4260812968300718 -0.9185651626736328 -0.9542343395562983 2.4726821928767904 -0.8757058119953168 1.0
1.4921243676584408 0.6894996998299374 -0.18355874228666322 -0.7484894426222941 0.5299575737651399 -0.4170288281141495 -1.0262847209822685 0.05718267288543632 -0.7012222951263888 -0.04374119822255398 -0.9542343395562983 0.3498707713291484 1.189277325460889 -1.0
0.3922783964114331 0.6894996998299374 0.8709276495728916 -0.355859676717177 0.9757766652148174 -0.4170288281141495 0.9816636461569526 0.9221306661105231 -0.7012222951263888 -0.9185651626736328 -0.9542343395562983 1.4112764821029693 1.189277325460889 1.0
0.6122475906608347 0.6894996998299374 0.8709276495728916 -0.355859676717177 0.1616722373501888 -0.4170288281141495 0.9816636461569526 -0.37529132372710705 1.4260812968300718 1.5309419377893876 0.6764192786728188 0.3498707713291484 1.189277325460889 1.0
-0.3776137834614723 0.6894996998299374 0.8709276495728916 0.4854898216509311 0.9563932264561358 -0.4170288281141495 -1.0262847209822685 1.0086254654330318 1.4260812968300718 0.48115318044809335 -0.9542343395562983 -0.7115349394446727 1.189277325460889 1.0
0.0623246050373308 0.6894996998299374 0.8709276495728916 1.6072891528084083 0.7625588388693195 -0.4170288281141495 0.9816636461569526 -0.2023017250820897 1.4260812968300718 -0.2187059911127697 0.6764192786728188 0.3498707713291484 1.189277325460889 1.0
-0.2676291863367715 0.6894996998299374 -2.2925315260057726 1.1585694203454175 0.9370097876974541 2.39791576165636 -1.0262847209822685 1.2248624637393035 -0.7012222951263888 0.13122359466766173 0.6764192786728188 -0.7115349394446727 1.189277325460889 -1.0
0.6122475906608347 -1.450326954814696 -0.18355874228666322 -1.645928907548276 1.3246785628710869 -0.4170288281141495 -1.0262847209822685 0.44640926983672535 -0.7012222951263888 -0.9185651626736328 -0.9542343395562983 0.3498707713291484 -0.8757058119953168 -1.0
0.3922783964114331 0.6894996998299374 -0.18355874228666322 -1.4776590078746543 -0.18722966030608063 -0.4170288281141495 0.9816636461569526 0.18692487186919932 1.4260812968300718 -0.3936707840029855 0.6764192786728188 -0.7115349394446727 1.189277325460889 -1.0
1.0521859791596377 0.6894996998299374 -0.18355874228666322 -0.355859676717177 1.1502276140429522 -0.4170288281141495 -1.0262847209822685 -0.8077653203396504 1.4260812968300718 0.656117973338309 0.6764192786728188 -0.7115349394446727 1.189277325460889 1.0
-1.917398143207283 0.6894996998299374 -0.18355874228666322 -0.07540984392780764 0.006604727280735711 -0.4170288281141495 -1.0262847209822685 1.6140890606905924 -0.7012222951263888 2.143318712905143 2.307072896901936 -0.7115349394446727 -0.8757058119953168 -1.0
0.5022629935361339 0.6894996998299374 -2.2925315260057726 2.168188818387147 0.7431754001106379 -0.4170288281141495 0.9816636461569526 0.403161870175471 -0.7012222951263888 -0.743600369783417 0.6764192786728188 -0.7115349394446727 1.189277325460889 1.0
-0.3776137834614723 0.6894996998299374 -0.18355874228666322 -0.355859676717177 -0.09031246651267247 2.39791576165636 0.9816636461569526 0.7058936678042513 -0.7012222951263888 1.1810123520089562 0.6764192786728188 -0.7115349394446727 -0.8757058119953168 -1.0
-1.2574905604590785 -1.450326954814696 -0.18355874228666322 -0.5241295763907986 -0.7105825067904847 -0.4170288281141495 -1.0262847209822685 0.662646268142997 -0.7012222951263888 -0.743600369783417 0.6764192786728188 -0.7115349394446727 -0.8757058119953168 -1.0
0.3922783964114331 0.6894996998299374 0.8709276495728916 -0.18758977704355537 -0.6524321905144399 -0.4170288281141495 0.9816636461569526 -0.8077653203396504 1.4260812968300718 1.0060475591187408 0.6764192786728188 2.4726821928767904 1.189277325460889 1.0
-2.797274920204889 0.6894996998299374 -1.238045134146218 -0.07540984392780764 -0.8850334556186195 -0.4170288281141495 0.9816636461569526 2.2628000556094077 -0.7012222951263888 -0.9185651626736328 -0.9542343395562983 -0.7115349394446727 -0.8757058119953168 -1.0
-1.47745975470848 -1.450326954814696 -1.238045134146218 -0.07540984392780764 -0.8850334556186195 -0.4170288281141495 0.9816636461569526 0.9653780657717774 -0.7012222951263888 0.3061883875578774 -0.9542343395562983 -0.7115349394446727 -0.8757058119953168 -1.0
0.942201382034937 -1.450326954814696 -0.18355874228666322 0.20503998886156172 0.04537160479809898 -0.4170288281141495 0.9816636461569526 0.9653780657717774 -0.7012222951263888 -0.9185651626736328 -0.9542343395562983 -0.7115349394446727 -0.8757058119953168 -1.0
-0.3776137834614723 0.6894996998299374 -0.18355874228666322 -2.094648640011267 -0.4392143641689419 -0.4170288281141495 -1.0262847209822685 0.18692487186919932 1.4260812968300718 -0.9185651626736328 -0.9542343395562983 0.3498707713291484 1.189277325460889 -1.0
-0.04765999208736997 0.6894996998299374 -0.18355874228666322 -0.6363095095065463 0.1616722373501888 -0.4170288281141495 0.9816636461569526 -0.11580692575958103 -0.7012222951263888 -0.5686355768932012 0.6764192786728188 -0.7115349394446727 1.189277325460889 -1.0
-1.1475059633343776 0.6894996998299374 -1.238045134146218 -0.6363095095065463 -0.5748984354797133 -0.4170288281141495 -1.0262847209822685 0.8788832664492687 -0.7012222951263888 -0.9185651626736328 -0.9542343395562983 -0.7115349394446727 -0.8757058119953168 -1.0
-0.04765999208736997 0.6894996998299374 0.8709276495728916 -1.1972091750852851 -0.20661309906476227 -0.4170288281141495 -1.0262847209822685 -1.0240023186459222 1.4260812968300718 1.5309419377893876 0.6764192786728188 0.3498707713291484 1.189277325460889 1.0
1.1621705762843384 0.6894996998299374 0.8709276495728916 0.20503998886156172 0.08413848231546225 -0.4170288281141495 0.9816636461569526 -0.9807549189846677 -0.7012222951263888 1.5309419377893876 0.6764192786728188 0.3498707713291484 1.189277325460889 1.0
0.2822937992867323 0.6894996998299374 -0.18355874228666322 1.0463894872296697 -1.5828372509311583 -0.4170288281141495 -1.0262847209822685 1.0518728650942861 -0.7012222951263888 0.48115318044809335 -0.9542343395562983 -0.7115349394446727 -0.8757058119953168 -1.0
0.942201382034937 0.6894996998299374 0.8709276495728916 -0.07540984392780764 1.5572798279752664 2.39791576165636 0.9816636461569526 -0.7645179206783961 1.4260812968300718 0.656117973338309 -0.9542343395562983 2.4726821928767904 1.189277325460889 1.0
-2.1373673374566846 -1.450326954814696 0.8709276495728916 0.3733098885351833 -1.2920856695509337 -0.4170288281141495 -1.0262847209822685 1.3978520623843207 -0.7012222951263888 0.3061883875578774 -0.9542343395562983 -0.7115349394446727 -0.8757058119953168 -1.0
-1.47745975470848 0.6894996998299374 -1.238045134146218 0.20503998886156172 -0.9044168943773011 -0.4170288281141495 -1.0262847209822685 -0.7645179206783961 -0.7012222951263888 -0.9185651626736328 0.6764192786728188 -0.7115349394446727 0.6730315410968375 -1.0
0.8322167849102362 -1.450326954814696 -0.18355874228666322 -0.07540984392780764 0.25858943114359695 -0.4170288281141495 -1.0262847209822685 -2.278176908822298 -0.7012222951263888 0.13122359466766173 0.6764192786728188 0.3498707713291484 1.189277325460889 1.0
-1.2574905604590785 -1.450326954814696 0.8709276495728916 0.0367700891879401 1.7704976543207644 2.39791576165636 0.9816636461569526 -0.5915283220333787 1.4260812968300718 1.7059067306796034 0.6764192786728188 -0.7115349394446727 1.189277325460889 1.0
0.3922783964114331 -1.450326954814696 -2.2925315260057726 1.0463894872296697 0.6462582063172296 2.39791576165636 0.9816636461569526 0.532904069159234 -0.7012222951263888 -0.04374119822255398 -0.9542343395562983 -0.7115349394446727 -0.8757058119953168 -1.0
-0.2676291863367715 0.6894996998299374 -2.2925315260057726 -0.7484894426222941 -1.233935353274889 -0.4170288281141495 0.9816636461569526 1.7438312596743555 -0.7012222951263888 -0.9185651626736328 0.6764192786728188 -0.7115349394446727 0.6730315410968375 -1.0
0.7222321877855354 -1.450326954814696 0.8709276495728916 0.7659396544403004 1.1114607365255889 -0.4170288281141495 0.9816636461569526 -0.15905432542083536 1.4260812968300718 -0.04374119822255398 0.6764192786728188 -0.7115349394446727 1.189277325460889 1.0
-1.6974289489578815 0.6894996998299374 0.8709276495728916 -0.7484894426222941 -0.594281874238395 -0.4170288281141495 -1.0262847209822685 -0.4185387233883614 -0.7012222951263888 0.13122359466766173 0.6764192786728188 -0.7115349394446727 1.189277325460889 1.0
-1.037521366209677 0.6894996998299374 0.8709276495728916 -0.9167593422959157 0.20043911486755206 -0.4170288281141495 0.9816636461569526 1.5275942613680837 -0.7012222951263888 -0.9185651626736328 -0.9542343395562983 -0.7115349394446727 -0.8757058119953168 -1.0
-0.2676291863367715 0.6894996998299374 0.8709276495728916 -0.18758977704355537 0.10352192107414389 -0.4170288281141495 -1.0262847209822685 0.4896566694979797 1.4260812968300718 -0.9185651626736328 -0.9542343395562983 0.3498707713291484 1.189277325460889 1.0
0.8322167849102362 0.6894996998299374 -0.18355874228666322 -0.07540984392780764 -0.36168060913421535 -0.4170288281141495 -1.0262847209822685 -0.15905432542083536 -0.7012222951263888 0.656117973338309 0.6764192786728188 2.4726821928767904 1.189277325460889 -1.0
0.8322167849102362 -1.450326954814696 0.8709276495728916 1.6072891528084083 -1.660371005965885 -0.4170288281141495 0.9816636461569526 -0.2023017250820897 -0.7012222951263888 4.505343416923056 2.307072896901936 2.4726821928767904 1.189277325460889 1.0
-0.15764458921207072 -1.450326954814696 0.8709276495728916 0.3733098885351833 -0.30353029285817046 -0.4170288281141495 0.9816636461569526 0.44640926983672535 -0.7012222951263888 -0.9185651626736328 -0.9542343395562983 -0.7115349394446727 -0.8757058119953168 -1.0
-1.2574905604590785 0.6894996998299374 0.8709276495728916 -0.6363095095065463 -1.4083863021030236 -0.4170288281141495 0.9816636461569526 -1.283486716613448 1.4260812968300718 1.268494748454064 0.6764192786728188 -0.7115349394446727 1.189277325460889 1.0
-0.8175521719602753 0.6894996998299374 -0.18355874228666322 0.3733098885351833 0.14228879859150714 -0.4170288281141495 0.9816636461569526 0.273419671191708 -0.7012222951263888 -0.9185651626736328 -0.9542343395562983 -0.7115349394446727 -0.8757058119953168 -1.0
-0.2676291863367715 0.6894996998299374 -1.238045134146218 -0.6363095095065463 1.4603626341818583 -0.4170288281141495 -1.0262847209822685 0.9653780657717774 -0.7012222951263888 -0.743600369783417 -0.9542343395562983 -0.7115349394446727 -0.8757058119953168 -1.0
1.4921243676584408 0.6894996998299374 -0.18355874228666322 2.729088483965886 0.47180725748909497 2.39791576165636 0.9816636461569526 0.01393527322418198 1.4260812968300718 0.48115318044809335 0.6764192786728188 -0.7115349394446727 1.189277325460889 1.0
-1.6974289489578815 0.6894996998299374 -0.18355874228666322 0.4854898216509311 1.3828288791471317 -0.4170288281141495 0.9816636461569526 1.3978520623843207 -0.7012222951263888 -0.9185651626736328 -0.9542343395562983 -0.7115349394446727 -0.8757058119953168 -1.0
-0.15764458921207072 -1.450326954814696 0.8709276495728916 -0.07540984392780764 0.2779728699022786 -0.4170288281141495 0.9816636461569526 -0.28879652440459835 -0.7012222951263888 -0.5686355768932012 0.6764192786728188 -0.7115349394446727 -0.8757058119953168 -1.0
0.8322167849102362 -1.450326954814696 0.8709276495728916 0.4854898216509311 0.35550662493700513 -0.4170288281141495 0.9816636461569526 0.44640926983672535 -0.7012222951263888 2.2308011093502507 2.307072896901936 1.4112764821029693 -0.8757058119953168 1.0
-0.3776137834614723 -1.450326954814696 -0.18355874228666322 0.4854898216509311 1.1308441752842706 -0.4170288281141495 0.9816636461569526 -0.3320439240658527 -0.7012222951263888 0.3936707840029854 -0.9542343395562983 0.3498707713291484 -0.8757058119953168 -1.0
0.6122475906608347 0.6894996998299374 0.8709276495728916 -0.07540984392780764 0.06475504355678062 -0.4170288281141495 -1.0262847209822685 -0.24554912474334403 1.4260812968300718 0.3061883875578774 -0.9542343395562983 0.3498707713291484 1.189277325460889 1.0
1.1621705762843384 0.6894996998299374 0.8709276495728916 -1.1972091750852851 -0.03216215023662756 -0.4170288281141495 0.9816636461569526 0.35991447051421666 -0.7012222951263888 -0.3936707840029855 -0.9542343395562983 1.4112764821029693 0.6730315410968375 1.0
1.1621705762843384 -1.450326954814696 -0.18355874228666322 1.3268393200190391 0.3748900636956868 -0.4170288281141495 -1.0262847209822685 -0.0725595260983267 -0.7012222951263888 -0.2187059911127697 -0.9542343395562983 -0.7115349394446727 -0.8757058119953168 -1.0
0.6122475906608347 0.6894996998299374 -0.18355874228666322 0.4854898216509311 -1.2533187920335707 -0.4170288281141495 0.9816636461569526 0.23017227153045366 -0.7012222951263888 1.7059067306796034 0.6764192786728188 -0.7115349394446727 -0.8757058119953168 1.0
0.6122475906608347 0.6894996998299374 0.8709276495728916 0.7659396544403004 0.626874767558548 -0.4170288281141495 0.9816636461569526 -0.3320439240658527 1.4260812968300718 1.5309419377893876 0.6764192786728188 1.4112764821029693 1.189277325460889 1.0
-0.04765999208736997 0.6894996998299374 0.8709276495728916 -0.6363095095065463 -1.1951684757575256 -0.4170288281141495 -1.0262847209822685 -1.5862185142422285 -0.7012222951263888 0.3061883875578774 0.6764192786728188 0.3498707713291484 1.189277325460889 1.0
-1.1475059633343776 0.6894996998299374 -1.238045134146218 -0.07540984392780764 -0.594281874238395 -0.4170288281141495 0.9816636461569526 1.6573364603518468 -0.7012222951263888 -0.9185651626736328 -0.9542343395562983 -0.7115349394446727 -0.8757058119953168 -1.0
-1.1475059633343776 0.6894996998299374 0.8709276495728916 -1.0850292419695373 0.7819422776280011 -0.4170288281141495 0.9816636461569526 0.143677472207945 -0.7012222951263888 -0.9185651626736328 -0.9542343395562983 0.3498707713291484 -0.8757058119953168 1.0
-0.3776137834614723 0.6894996998299374 -0.18355874228666322 -1.1972091750852851 -1.447153179620387 -0.4170288281141495 -1.0262847209822685 -1.1537445176296852 -0.7012222951263888 -0.3936707840029855 -0.9542343395562983 -0.7115349394446727 -0.8757058119953168 -1.0
0.5022629935361339 0.6894996998299374 -0.18355874228666322 1.0463894872296697 -0.7299659455491664 2.39791576165636 -1.0262847209822685 0.31666707085296236 -0.7012222951263888 0.48115318044809335 -0.9542343395562983 -0.7115349394446727 -0.8757058119953168 -1.0
1.822078159032543 -1.450326954814696 -1.238045134146218 1.6072891528084083 1.0145435427321807 -0.4170288281141495 -1.0262847209822685 0.532904069159234 -0.7012222951263888 -0.5686355768932012 -0.9542343395562983 1.4112764821029693 -0.8757058119953168 -1.0
0.7222321877855354 0.6894996998299374 -0.18355874228666322 1.0463894872296697 -0.12907934403003574 2.39791576165636 -1.0262847209822685 -0.5482809223721244 1.4260812968300718 -0.04374119822255398 0.6764192786728188 -0.7115349394446727 -0.8757058119953168 -1.0
0.0623246050373308 0.6894996998299374 0.8709276495728916 0.0367700891879401 2.0030989194249442 -0.4170288281141495 -1.0262847209822685 -0.7645179206783961 1.4260812968300718 0.13122359466766173 0.6764192786728188 0.3498707713291484 1.189277325460889 1.0
1.0521859791596377 0.6894996998299374 -0.18355874228666322 0.4854898216509311 1.6541970217686748 -0.4170288281141495 -1.0262847209822685 0.35991447051421666 -0.7012222951263888 -0.9185651626736328 -0.9542343395562983 -0.7115349394446727 -0.8757058119953168 1.0
-1.2574905604590785 0.6894996998299374 0.8709276495728916 1.0463894872296697 -0.05154558899530919 -0.4170288281141495 -1.0262847209822685 0.9221306661105231 -0.7012222951263888 0.3936707840029854 -0.9542343395562983 -0.7115349394446727 -0.8757058119953168 -1.0
0.3922783964114331 -1.450326954814696 -0.18355874228666322 -0.6363095095065463 1.751114215562083 -0.4170288281141495 -1.0262847209822685 0.9653780657717774 -0.7012222951263888 -0.9185651626736328 -0.9542343395562983 -0.7115349394446727 -0.8757058119953168 -1.0
0.6122475906608347 0.6894996998299374 0.8709276495728916 -0.07540984392780764 -0.8462665781012563 -0.4170288281141495 0.9816636461569526 -0.7645179206783961 1.4260812968300718 1.1810123520089562 0.6764192786728188 1.4112764821029693 1.189277325460889 1.0
0.3922783964114331 0.6894996998299374 -1.238045134146218 -0.6363095095065463 0.6656416450759113 -0.4170288281141495 0.9816636461569526 0.44640926983672535 -0.7012222951263888 0.656117973338309 0.6764192786728188 -0.7115349394446727 -0.8757058119953168 1.0
-0.5975829777108738 0.6894996998299374 -1.238045134146218 -0.07540984392780764 0.3167397474196419 -0.4170288281141495 -1.0262847209822685 0.9221306661105231 -0.7012222951263888 -0.3936707840029855 -0.9542343395562983 -0.7115349394446727 -0.8757058119953168 -1.0
-0.7075675748355745 0.6894996998299374 -1.238045134146218 -1.1972091750852851 -0.40044748665157864 -0.4170288281141495 -1.0262847209822685 0.79238846712676 -0.7012222951263888 -0.04374119822255398 2.307072896901936 -0.7115349394446727 1.189277325460889 1.0
-0.2676291863367715 0.6894996998299374 -0.18355874228666322 2.2803687515028948 -0.9819506494120277 2.39791576165636 -1.0262847209822685 0.532904069159234 -0.7012222951263888 -0.48115318044809335 -0.9542343395562983 -0.7115349394446727 1.189277325460889 -1.0
-1.1475059633343776 0.6894996998299374 -1.238045134146218 -0.6363095095065463 0.25858943114359695 -0.4170288281141495 -1.0262847209822685 1.0086254654330318 -0.7012222951263888 -0.9185651626736328 -0.9542343395562983 -0.7115349394446727 1.189277325460889 -1.0
0.17230920216203158 -1.450326954814696 -1.238045134146218 0.4854898216509311 0.8594760326627277 -0.4170288281141495 0.9816636461569526 0.143677472207945 -0.7012222951263888 0.2187059911127697 0.6764192786728188 -0.7115349394446727 -0.8757058119953168 -1.0
0.2822937992867323 0.6894996998299374 0.8709276495728916 0.4854898216509311 -1.117634720722799 -0.4170288281141495 -1.0262847209822685 -0.0725595260983267 -0.7012222951263888 -0.5686355768932012 0.6764192786728188 -0.7115349394446727 0.6730315410968375 -1.0
1.38213977053374 0.6894996998299374 0.8709276495728916 1.6072891528084083 0.7044085225932746 -0.4170288281141495 0.9816636461569526 -1.8024555125485002 1.4260812968300718 0.3936707840029854 0.6764192786728188 2.4726821928767904 -0.8757058119953168 1.0
